42
6
1301
4522
3411
1197
4694
6544
4755
5387
9648
7079
5248
5431
4694
9859
5779
2501
2364
2745
4922
5391
2316
1301
4522
3411
1197
4694
6544
4755
5387
9648
7079
5248
5431
4694
3716
9493
4367
1268
6815
579
9873
8108
5800
3451
6032
2112
4149
7763
7192
3428
5026
713
9721
894
9947
9618
8378
3080
9999
3550
8034
8913
6859
6659
438
3454
2684
6606
6537
6652
8880
6284
4863
9027
1875
5748
410
6550
6679
9293
6831
2576
7504
3771
4687
6399
1193
3609
9018
3309
1020
9543
8808
7033
4735
7322
1873
6259
2310
3091
1782
511
9207
928
1556
6137
855
5020
4152
8546
9760
3957
7751
9947
8084
7832
891
1669
6744
642
775
5413
8824
6146
1348
9093
4059
6602
8060
6327
7098
1459
9212
3133
8070
1695
8003
8862
5216
5208
7242
1299
9781
2328
6506
7453
5299
9381
8736
5009
3923
9456
7008
4534
8450
5573
7298
9488
9198
9776
9157
1928
7840
2072
7998
9103
6484
6754
3790
3074
5112
3766
6844
4447
7044
4254
2168
4906
5849
4845
862
1672
1122
3561
4991
9486
6648
617
7978
1900
625
5018
8425
699
4666
5032
3987
3517
3819
5608
7675
9376
8677
4040
3733
7861
5937
9432
1088
9211
1371
7533
9726
5787
4855
3765
1436
3080
8914
901
3768
8324
3223
1382
3557
2737
4518
8684
8163
7611
9985
7460
8359
430
9552
1159
3824
3916
8630
1856
1923
6515
3569
1300
4426
2555
5443
8718
5088
8444
1886
5836
5402
3705
4924
7808
3117
7099
9049
1701
3779
6877
3007
9344
4443
7657
9245
880
3047
6138
5999
7969
8385
9215
354
4104
3144
8622
218
6926
3085
5071
9162
727
6822
8892
90
6768
1530
6249
1770
7445
8479
3900
4179
3489
5752
8421
4325
4485
6293
4936
5515
7115
5958
1838
8804
2466
770
7060
3362
5277
752
2856
4959
2772
209
628
9460
3223
6375
395
8420
2057
1053
7351
3688
1870
2872
2879
2131
6081
6652
3705
6618
76
964
4749
948
2708
9495
6689
4269
9275
2195
4210
9340
5514
5117
6491
872
3819
2432
1821
7410
4391
557
6116
3340
4394
7673
9398
960
3192
9486
3782
1586
803
4610
4324
4323
5034
7619
1225
7806
1976
3057
8205
8206
1356
5586
2145
431
196
2975
5146
7039
9430
3887
4172
9853
1816
3759
2007
3584
9290
2912
6883
802
2361
9231
319
6323
681
5729
8656
3792
4983
3633
9300
3141
1992
3001
2152
1540
5517
1073
2420
4806
5172
5248
1576
5660
7868
9751
8896
364
5842
9946
8106
6533
908
3823
3340
7385
8357
7405
8562
5197
2788
5488
2100
1067
7558
1690
2858
6008
9363
4381
8489
4504
6413
8448
386
9014
6153
7112
5889
5193
7356
6840
599
2669
6360
1710
740
122
6260
5273
4107
4867
3615
2502
396
4289
5345
968
5224
5568
38
5468
5424
7418
2371
1997
3067
9230
4227
2998
4697
209
5499
469
9795
5297
3710
658
3870
7023
9287
1160
2718
6498
5898
9424
2166
8362
7574
2783
3091
8024
7505
4169
2439
2401
1483
5262
1286
1440
4563
4129
6903
8008
5601
4989
8935
2913
5142
5289
9660
9641
577
8086
326
228
7730
8725
6689
5392
1132
8265
5147
1681
6966
1469
5880
1775
4796
9204
677
2726
829
7699
1266
3597
8332
7123
9092
6432
1420
3899
2426
4067
4699
234
7823
4227
4985
6645
5319
7270
7565
6758
7626
292
6072
1660
5564
8423
6923
2128
4057
565
9413
4765
6806
9373
7691
4019
3544
8019
8995
2513
1355
9511
524
2679
6113
9135
8993
8377
4256
1604
6423
6107
2463
1480
9659
2531
6867
8074
6130
9334
8237
9975
408
5638
6956
4680
266
9857
8910
9402
3453
2948
861
7696
2197
8517
9960
9896
351
1713
5359
104
2429
9848
7006
8521
7343
9861
2777
3273
4810
9505
6831
8397
5837
5073
4536
9701
5816
7314
5271
7626
8057
6793
4591
5527
8676
9985
3134
584
9504
8538
7919
1689
6846
5486
9415
2807
2174
6868
2037
687
6395
3728
1092
2895
3591
2207
2515
2641
2645
1584
616
8873
9040
1315
3601
3399
4059
442
1678
9921
5443
7345
3111
4945
8485
4796
2871
5768
8720
3545
9983
2175
7646
7501
8121
9072
3855
483
2029
8177
5315
405
5894
5283
9573
824
62
5889
682
745
3485
7522
7945
4346
5382
7755
2908
6181
7637
7850
5800
6748
216
2097
3260
4654
7190
6788
5514
9514
4858
4029
2328
147
8663
1949
3911
4197
4059
3065
8437
3944
8865
2595
7355
9374
7172
7786
8254
8095
270
2743
4245
4347
1489
543
8569
7445
2847
309
4857
8839
7329
1733
3313
4526
1951
2325
8943
6503
1652
7920
9923
8232
744
786
1575
7160
932
2366
8921
2642
9308
264
5568
61
6859
6774
8933
8863
4214
9229
2932
4653
6658
6782
1986
6392
7566
8387
7072
7584
4996
6780
8747
9520
613
72
4753
2609
1693
3508
800
4119
3459
8796
7756
480
1494
782
3660
7157
8095
9965
1563
7288
9587
2099
5180
3432
5463
4018
6612
4121
140
9196
9194
9831
9899
5561
2583
3785
6818
2265
5907
733
6253
9017
9033
4182
7053
5624
9691
2803
6640
3945
912
9788
4731
224
722
9619
8173
4399
6046
6346
8636
5912
1883
4667
563
1068
2180
1753
1069
6590
6379
8710
2180
4418
543
6834
1833
5979
2376
7729
9543
2837
684
6466
1793
8990
950
7251
1351
6292
1572
8056
8402
1665
3315
5725
2729
1279
2271
3598
1945
8830
4895
929
1889
2161
3381
3376
9642
444
2899
9586
5475
1948
1125
218
9105
1385
2144
3943
562
1449
5612
5156
6297
5061
158
3855
6827
2600
7878
1621
422
2081
4353
2145
3648
8958
780
6035
9522
8240
6449
2655
5976
4181
3793
6418
5165
3430
2042
5691
1252
6994
6905
8357
1106
4865
5745
4272
7941
3133
4280
9221
5442
8831
5751
7634
513
1771
8021
4833
1371
5764
3911
3398
4852
5249
3657
289
5129
7884
6305
593
166
576
3195
1893
219
1149
8578
3001
7266
8684
119
8366
8236
9722
4367
2349
2678
7283
2113
5878
3108
791
6000
1933
1581
2251
2892
9503
673
4483
7229
2118
6497
4117
3220
2566
3907
9293
9941
428
6107
7179
239
592
4582
6764
1839
9816
278
1658
7428
9699
8797
7060
8934
8336
6880
9114
75
6387
9159
2080
6127
8674
2627
6007
8844
996
8005
4200
3906
6277
9027
5238
3373
3054
7977
1463
158
9314
3630
6102
5962
1537
9708
8269
200
5026
8978
9584
9081
2785
6213
7843
2606
8241
2279
1559
155
4815
5315
171
7741
1450
3093
9751
9003
978
3354
6405
8758
9272
8618
5191
7792
5741
9513
277
3392
384
7927
4365
9153
5400
2857
8804
1271
5654
7478
2562
8070
9337
2862
5415
87
8437
679
373
9111
1007
6483
8366
8097
5392
8548
762
8065
6699
5952
9508
4403
462
400
6916
854
7671
1459
1855
6540
4035
9389
3102
6020
4116
9692
96
3063
836
7949
6152
7925
4359
5534
4016
7555
5417
7896
9070
8964
4335
7611
9887
5742
3042
8071
7660
6243
594
526
5439
1053
8486
8306
4598
2276
7993
3117
6269
7568
2007
8685
4833
5167
3070
9321
9907
1369
8462
3968
5809
1089
1959
7663
7225
3281
3532
2074
6992
719
2588
5738
5202
866
5442
2098
3533
6080
7923
7026
5223
6997
4784
2449
6242
7733
8676
1653
4324
6835
6735
2198
8472
5125
1993
4260
7410
259
8187
2054
4179
7666
1133
4207
4067
1292
3826
3990
3552
9582
4179
8904
3224
3819
1950
8645
7261
1282
7853
8919
7180
6578
6254
778
4813
7171
2104
4099
7891
9883
945
4613
578
1860
5032
1337
8249
6141
1967
3674
1750
7408
3476
1111
9145
1244
2520
2230
6531
5297
2962
6491
2879
1535
1473
6298
5531
708
3957
7846
5475
7891
8439
4879
1441
6177
8855
1054
7257
6236
5176
4336
7529
3421
8167
930
5697
7931
3199
5799
7264
8554
2790
5718
4300
2519
9418
1893
993
589
4433
119
5750
4364
1849
2985
2241
1080
8760
4489
152
5817
7709
8828
3841
9609
587
626
583
4831
6291
5441
5604
6499
2837
5879
1847
9348
7384
4234
5903
8719
6157
5360
1817
3351
8363
4152
4113
709
9099
1905
2169
1845
5490
8761
2714
1485
355
1418
6445
4777
773
9847
8884
3322
8979
3562
1125
4976
6166
7327
4529
5784
8661
9563
6027
1874
6487
7044
5760
1737
8927
3053
1088
2600
6192
8425
5337
60
736
3665
2546
8526
1218
1928
7761
9154
9737
7474
7649
2803
3091
3154
9931
7624
1714
5803
9576
935
448
7995
8080
1881
6006
3296
3161
1220
6371
221
1361
9887
6978
9431
151
9325
6250
7867
2514
8013
7820
2623
7179
9780
6681
5972
7393
9431
8229
1028
8000
584
4047
2912
7004
4241
4352
1123
2549
7978
145
6660
4415
6859
6194
3159
5386
9886
2162
7259
5510
7509
9029
5536
6658
9257
6304
5730
2378
7639
3738
8622
5342
2798
6494
53
525
3347
9205
9582
9595
3676
6593
128
471
4845
6931
9077
1935
370
8586
8346
7375
835
950
3855
423
2322
2412
7424
2155
2205
4151
378
1944
6027
181
2676
9340
7650
2943
9379
5434
6177
5978
8798
4699
6693
257
5757
7547
6818
9266
5550
9180
5789
5079
4632
547
1598
2102
2458
859
6775
5336
4665
3737
3518
5086
8599
8446
6606
5313
2163
6623
3252
1517
6939
6766
1923
7530
2344
5345
1644
6079
1884
6935
843
2115
2264
2962
6527
6880
1559
4439
8868
406
8439
6375
4666
4187
6411
4213
1354
2691
8417
3148
1065
476
138
1949
9101
5729
8848
292
6438
801
4708
1744
3938
4818
2045
4679
4342
3734
1928
837
4732
9943
3041
3031
2435
7752
9013
1432
8964
9917
1156
4131
4131
2453
542
9180
3583
6878
2031
8456
5518
2428
9262
5275
6906
694
7613
5549
5838
9984
9433
2754
472
3586
2322
6641
9503
7014
5968
1115
9459
1124
9698
781
9736
7168
2021
7910
881
5120
7942
1819
2076
5072
3207
3607
1619
7981
4218
7521
6729
6943
4704
1028
4544
2
1828
4589
9342
6160
8812
7808
7598
128
4017
6592
9263
8037
7085
8708
5674
4873
9116
4529
3081
9429
1181
3030
7275
1078
1875
337
1996
4951
9707
7317
5410
5160
6146
7810
2407
119
1904
6132
3350
8649
594
3737
5557
4760
6638
9962
6293
8323
8279
7409
5720
6218
6202
9644
2919
8511
6223
9503
2546
5054
2716
3536
7801
6334
7414
3615
2031
1689
5551
7422
4413
6637
8080
3759
4439
5338
6744
2708
3517
8392
6784
2075
7976
6640
4604
2771
938
2528
6123
2564
1710
2836
694
2057
5005
2927
921
727
2229
7753
2138
4251
3758
3261
5751
5997
5591
11
6723
7163
2492
7194
1329
821
1203
5765
3053
5949
5046
4385
4123
6823
4934
147
1327
6943
2983
4482
2069
6324
3723
8235
2370
4807
2211
422
716
162
8214
3535
4793
6468
9533
1439
9874
5301
8962
5002
6370
7908
4370
9600
7585
6923
1845
120
8529
5001
2648
9919
3510
2128
332
8757
132
3948
3503
8673
6390
7603
80
1091
6706
8103
3357
2582
8106
7973
3207
9353
8015
8205
5645
2991
8440
1753
5950
4438
1067
9763
6143
5512
1279
8692
9739
3152
6342
3855
6080
8500
494
9604
8145
8891
7090
222
842
6935
7899
2156
172
68
9394
5398
6620
9239
5106
6926
4289
9231
6784
2491
9105
9069
2119
1270
1254
2972
5601
7260
4339
398
9938
1255
2112
8200
9719
393
7320
3064
1023
9853
375
1812
5116
5164
5407
1647
2524
3053
9158
122
3914
4799
2472
9511
1034
7564
6596
8072
8415
7496
9879
4526
325
3579
6159
2089
3853
6563
8126
1676
8273
49
9385
4691
9779
6590
6530
3512
3837
4567
6915
5973
9210
2638
9543
9471
5130
179
2257
7560
9353
1679
7986
493
5521
1644
7431
9602
20
8649
7811
7691
3122
2803
137
5347
690
2254
1505
177
4849
3736
7779
9904
9615
8358
9365
909
8992
6238
9411
6901
700
348
3382
3812
5115
4401
8310
7354
3169
3764
2763
6684
8402
1356
2400
7032
973
964
8916
2509
298
2082
2882
578
4100
2958
4643
7528
9800
4663
3895
2898
5527
3199
7434
9763
9574
888
8594
1562
8621
5734
3616
2208
5396
2478
9083
4595
8390
3168
6848
4513
4118
8065
8035
5384
8984
9574
9746
2098
5364
1169
1553
5272
626
6822
6202
3834
4496
7335
2629
8506
6297
5430
3765
1893
8101
9985
3557
6280
3646
8353
8967
9767
9659
1044
3879
2388
3374
7403
447
2
2329
7297
8713
1995
728
8591
8487
6024
7164
3149
410
1637
5811
5411
2372
3399
2574
4402
8971
9594
936
2411
7941
3841
9069
9082
4307
9458
2482
3122
6431
7988
3047
3319
1670
8386
6527
8926
9648
1199
5570
178
4711
3820
3556
5124
6079
8109
5263
2316
2544
7479
1628
8251
1057
2754
1258
5256
3324
410
2141
2401
4649
1969
9493
8311
25
6347
7085
7260
9175
7786
6366
9305
4781
2161
4772
73
9154
1047
205
4629
6273
6803
7404
1820
7003
1754
7671
6740
7987
1469
7390
1595
6900
7250
1609
5203
8726
2539
5964
4303
8530
4006
802
853
5115
1519
479
9642
1735
9834
7913
1574
5076
2256
4810
2561
7337
3785
420
8177
2470
3109
1318
7448
6146
816
612
5949
7317
7718
2379
8554
8471
168
3104
1525
3787
1039
8620
7243
3547
1308
5864
2257
8817
6415
6162
33
3373
2691
1656
8343
4232
2829
6045
6931
5820
2386
4979
29
7427
9368
1001
9300
8920
5209
9882
2533
2901
7235
1748
9961
2465
2406
6011
1225
918
9780
5748
1048
3655
5310
2659
9822
6099
960
6680
6970
8543
5903
8782
8318
9713
7046
4524
376
8002
9975
4861
7089
2972
4859
7889
438
4761
5415
7067
2480
4936
3614
1008
1018
3069
5799
712
1073
1280
1463
8814
9714
4856
1939
7181
7525
2120
3893
6407
2407
6706
6871
9377
8964
9719
224
3603
8479
2461
4784
5654
9311
5642
52
3706
5684
2381
3076
6434
440
2163
9863
6024
6816
3619
3307
4804
2593
3253
2973
3244
4591
4281
4143
8125
1618
7575
6209
5299
9386
7165
3302
2678
8430
7865
7217
5800
5197
3259
7252
404
4724
7806
6331
6985
8525
7237
9518
7968
676
3571
6548
6842
9539
5877
2700
9149
9703
8159
692
1150
2249
8988
6044
4513
1571
8148
6268
8060
9767
6079
1165
5255
776
9265
3013
9136
8005
2274
6604
8097
3466
5807
6933
1066
7306
5716
3176
1554
7503
5194
8081
2569
6937
550
9534
2679
493
3892
1470
496
1237
5538
1146
6833
5804
9228
5604
5489
1281
6792
7447
4834
71
5228
5716
9387
2462
3806
4632
6819
3471
2642
1110
3342
5556
2773
4904
7567
9748
9372
5210
4954
9403
470
4526
2374
5497
5270
178
6583
9581
8900
649
4278
8867
1360
1170
9675
7338
9565
7336
9071
2557
3147
3798
7568
5155
2100
4659
4907
3521
8363
2891
430
9092
6815
4171
3723
5784
5463
6650
8038
731
5808
6855
5547
4221
6168
4238
6573
1301
1786
9448
3857
1187
4842
981
7578
7655
7870
4160
3425
6934
9873
8027
6630
8618
990
953
4998
8432
1441
8323
5244
8674
5043
4070
9733
3715
9479
9615
4529
7214
9742
8458
3869
5891
2298
1509
5140
8605
2759
2192
3188
4290
7798
232
4545
8226
2694
5391
5233
9419
2298
4340
2160
2747
3108
6632
2172
6395
3554
8066
9300
1061
9340
7024
4057
7878
7352
2280
1349
9965
660
5946
4236
9811
2497
6727
5812
8015
5228
1042
5797
3466
6304
6955
7814
7867
5454
9976
2662
7584
2129
5211
4960
4994
1172
9496
2654
7565
7463
2197
5690
570
1921
584
4555
9292
8560
5546
5138
9028
241
7297
3550
1555
6332
2879
6689
6732
1179
7488
2527
714
6569
9269
7450
6719
3952
4093
7775
1693
4108
6537
4795
1704
2025
5853
2957
2661
7538
7308
2871
231
3843
8265
6806
7743
8512
7320
781
1648
9669
7528
403
8695
9297
6603
303
1515
40
6899
4037
5034
5393
5367
4230
1621
8347
329
9674
6570
210
2565
3454
411
5959
1513
1494
3018
7567
8537
165
5287
6377
8215
8396
8730
7386
5719
8661
151
9168
9967
4377
8512
4663
1164
201
568
5916
7210
7248
9331
8000
3875
4897
6132
9684
310
9303
4847
8850
6013
6356
5733
1644
7081
3767
5182
6028
4696
8478
39
8126
9307
969
1415
4723
9303
8828
8637
786
5297
1187
6062
9232
5541
7196
7781
4996
7609
527
3043
9587
4186
408
8705
6606
5335
5759
7897
3600
8790
5415
2393
8342
2672
4901
4547
5296
1555
1741
3649
2549
5906
6984
5691
5322
7600
1898
131
6044
9233
7082
303
3319
2609
8857
697
2979
1023
1264
3667
2103
1263
1099
1509
1864
1779
6273
171
9210
8326
3599
1861
7174
944
830
839
728
1269
3905
5022
5446
6462
1985
1823
1266
225
6607
9983
2009
1676
8021
161
9472
2636
4907
8007
1196
2621
1772
9938
3607
7896
3853
2788
3835
7005
4426
7698
2550
76
8879
353
1421
9860
546
8157
283
1927
4944
9273
1375
859
6620
615
6021
3101
2497
2051
1688
1676
3731
7117
4023
9659
7845
7400
3931
9271
1150
5878
3773
4279
4828
4094
7127
2549
289
4745
9443
1974
2482
3194
3606
7541
2494
855
6068
5500
8464
2346
3368
2921
3067
4573
547
3519
4857
5693
7547
9629
6357
5186
8961
1634
4283
8365
517
74
7114
8088
1088
7410
6784
381
3550
2061
8165
9656
3001
2722
6828
878
3270
5192
1623
5392
2156
9712
2409
837
5560
7461
9689
7323
5875
5018
2922
1961
5727
183
4663
3845
910
5889
9005
9597
4843
7118
5524
8827
7902
9828
4307
1459
1025
5973
8692
6504
4743
7090
6204
6039
1487
6963
3696
359
9644
3634
1349
1016
6203
2004
5560
3434
3900
9275
6042
9010
3644
3832
8617
3739
7907
4395
8153
982
2446
7553
5440
9368
9590
5312
9516
7340
5200
2422
2866
6836
9527
59
9812
4447
7892
2378
7612
6109
2978
336
6518
3025
6613
6591
6858
6546
7366
1959
3393
4457
1304
3095
4855
88
1482
9870
5349
8008
7350
3278
790
5768
7532
2562
5645
9626
2953
5426
9885
2192
8436
468
292
2495
4783
2443
1713
874
2779
1374
5752
4206
3165
5304
3010
839
9612
46
8924
9200
8288
5289
8593
8431
3407
8403
4210
597
9809
7611
3751
2576
902
2197
4323
5183
7874
4456
2962
7199
9940
1280
2642
3243
7487
5585
2812
4267
8953
7304
3558
5516
2902
4422
8172
2568
1372
2439
8502
9837
2393
8436
1467
4828
3060
66
8376
6556
9381
6110
8527
3895
4150
2603
7088
9170
2457
7529
1442
5528
4996
5421
4061
6522
3071
5552
4611
9579
938
6838
7372
5903
4162
959
8926
568
8074
4985
1410
4241
4925
5897
7501
6193
775
2567
8146
2706
397
3816
9222
8365
8032
7394
3699
2938
7543
6174
2304
3751
8694
5667
8337
5999
4687
131
5706
6855
8015
4224
8077
6939
9428
5044
4902
271
7186
8677
2225
1307
587
9044
402
5292
4285
3323
7300
6443
5301
4769
4487
1223
6695
9940
9829
5961
3805
3350
7403
7766
3670
2461
2926
2640
1053
5015
8443
8534
5716
5808
5836
9377
7357
8250
2182
9006
7386
9061
7352
8525
9276
620
7286
2263
4513
2541
8621
8785
3770
9566
8670
7789
8315
2446
8962
5247
1429
3464
6452
6858
9172
7034
2575
9565
8865
179
7420
2377
2849
2462
3392
85
9933
1034
313
6869
1602
9395
143
1813
8956
6078
4811
5622
5362
5638
6810
9716
9711
9508
9114
8539
1626
6934
9112
8212
5869
7677
9764
2943
2399
6500
5892
6157
5723
3962
8026
1163
1859
7839
6766
7536
8405
4922
2387
7046
7367
4187
1642
1890
7140
8337
390
7378
8187
5504
2455
623
1455
3481
1600
4504
7877
7096
3254
1608
2886
9015
3289
4301
2050
7244
2764
1034
5777
8367
2247
510
6599
7457
519
705
8395
6135
7439
4060
3242
7454
5498
3185
6429
7529
1341
624
8925
1022
6738
4308
1278
8179
6077
1545
5449
5931
274
2804
4371
2307
7400
8169
9332
3853
1532
9459
8626
126
1568
2553
2680
6911
2290
95
2667
4227
8194
3149
6127
8017
8116
7965
4176
4989
1150
8914
9755
5411
3285
7351
80
614
5951
9441
4991
259
9721
381
7647
6067
9194
8229
7868
4845
7086
447
9563
8381
5886
3259
5749
1565
6322
3200
1830
5063
9597
4181
5092
3540
7613
253
4673
1994
1427
9676
2399
8319
7141
1176
7034
6426
4284
7450
5337
1922
3521
9418
3149
1174
5700
3875
7465
9030
9497
9653
5119
8429
4518
7597
7375
9148
9115
6442
5002
8070
8890
2061
6316
5286
9007
8712
1474
2337
3335
3687
8565
9193
2657
2404
5288
8131
2263
4341
2966
3269
5179
4484
2897
6215
564
3858
969
9722
6169
1416
1002
8628
5098
9505
1595
7582
5209
4305
7235
1118
94
134
1117
7464
5557
281
828
7080
3046
68
3084
9024
8700
6975
7725
3145
6821
1535
3711
5448
4450
3140
2822
8925
6875
67
5704
5815
3087
4236
1809
8184
4148
4051
8593
7795
3616
187
4271
6284
8629
8704
5122
6077
1572
6778
2738
7655
3951
6048
4446
3672
3934
2608
7254
9196
4211
4027
5600
5011
3293
6523
5574
6785
2394
7405
1425
2470
488
4456
578
3800
8049
9247
2734
4521
9580
7351
2430
2251
6954
1864
6105
9819
5136
2017
7921
20
4412
9922
4164
7353
2650
6184
9011
1522
758
2468
5131
9092
2264
5415
7249
1297
6023
2771
7058
2170
2366
7251
9856
1871
6318
2012
9596
9303
1907
9525
2138
7403
8355
925
7937
4987
2113
7406
2721
4415
1688
4192
4526
1254
1256
6570
8727
7207
7582
8237
1310
287
8435
165
5997
3424
2035
5996
6786
5394
6536
1917
9064
4358
2602
9321
6477
621
1811
3131
2502
6383
2971
4646
3479
6987
384
1517
353
6793
425
4947
5397
3078
6163
8504
2965
9464
9409
1185
1648
4021
1970
1132
8061
3248
9895
5323
2069
6678
505
7563
1202
1358
9819
347
427
9268
7118
5323
5737
7770
7860
7671
2902
2597
2641
1034
8072
1548
8349
3296
3380
1154
6555
7537
7912
8889
101
8312
4251
7279
7183
682
2522
8042
996
2853
7298
1166
1441
5881
8756
8673
9530
3137
8362
9407
5186
7136
2403
1586
2690
8406
8066
5521
4031
883
5528
8308
5205
1551
4168
3271
2106
3420
731
2547
6820
1431
4940
5457
54
8499
6564
9230
6774
9052
4292
3030
9619
7737
9956
5402
5936
254
5050
5921
7131
2067
2390
1905
4459
8207
410
6723
9306
8185
5535
9866
4480
8588
8161
7929
4438
4575
1257
1879
4446
7888
602
464
1430
1339
7903
2782
5913
9068
2167
9291
6264
1103
5335
3305
4819
4756
4597
7826
1552
4034
3640
2306
6478
9451
9328
8351
3901
7412
9790
6347
3478
3852
3493
4243
6018
5432
9790
4811
4008
7784
1452
2680
6070
918
2392
344
3531
7544
5590
2515
3577
6065
7056
9436
9879
9612
8658
1218
3527
4867
4630
7778
286
2018
5185
1995
7349
8303
3134
3244
6007
8255
7788
9952
2839
6901
2055
9676
6450
3076
8671
3204
3815
5820
6919
8867
7351
7848
2579
7782
3511
8203
7210
9973
8146
220
9869
9162
530
8028
4847
974
1095
3522
9429
2278
494
6492
5598
6017
8178
3558
7101
5336
5541
4630
73
8853
6253
7034
3871
6634
7278
7100
7050
3662
4454
523
3612
8780
8936
928
4489
1147
948
1862
5133
9989
982
9567
8131
1959
6909
5956
5329
8893
7084
9940
1626
4162
7171
5524
1378
2265
2946
7331
7796
1976
7488
3589
2649
7422
8333
9688
8224
1693
9793
7591
5329
5199
1083
5738
7608
6852
5927
4134
8286
7990
592
5568
5104
3013
8435
4015
3930
966
18
3707
3124
5940
6051
3705
2133
6614
8434
1509
6892
3579
5876
6576
1046
1569
4791
7220
2839
9046
848
3988
4530
270
8824
1443
9995
886
8256
5218
4948
7435
4595
1919
6763
2619
3900
4855
149
2447
4107
916
8106
5229
1363
469
5790
4532
4568
1244
37
6498
2448
2576
6841
4464
3202
1880
5542
2433
9824
6632
671
5255
7826
9617
8384
180
7503
7071
1905
8770
219
2822
4368
1713
9392
3788
4299
8321
3874
5403
7117
8980
2775
7084
7247
2550
2219
1934
7727
303
2300
3219
5065
1270
9706
3030
7342
6657
7370
5542
4208
3568
9183
6310
5845
5853
6309
4057
43
3123
6564
5366
854
1896
8728
3699
3236
2466
7495
667
7919
4078
3565
8051
6783
5573
2479
5892
9282
5623
8399
4458
8767
8045
9180
8874
9667
6538
82
842
1499
6898
5444
5670
525
1622
6055
5377
5075
882
9500
6132
1581
8969
261
3247
2103
8433
1656
9499
5842
1620
8835
57
4059
8342
4354
6549
711
3873
1732
3254
594
8739
5634
1751
9999
3485
960
8698
9286
3083
3035
9203
941
315
2068
8268
869
5994
8671
9833
8641
6375
4423
2152
9673
8917
8894
3999
4442
7892
7679
1035
8224
7246
6271
5384
7139
6003
750
3788
7130
84
4552
1821
2772
7751
9406
3874
586
287
2564
3544
6220
5403
2116
8308
9324
8821
1728
8190
4206
7176
2773
7462
1041
7994
5657
6732
6823
2065
4615
8141
1615
4938
3332
7605
3040
8506
2961
4702
1893
770
736
3615
2316
8197
1466
9192
7640
2433
6672
8921
8405
6310
2765
6379
3792
3632
6166
1426
8650
5557
5150
1851
9577
5537
8625
9270
8544
269
6419
3485
7124
622
7226
2860
5484
2547
6589
6282
2382
3510
529
4802
405
2673
2354
350
5862
2926
8258
1271
2943
6449
6595
418
2803
5715
2836
6472
1012
8658
4979
1608
4056
717
7263
1086
6792
603
2483
7794
39
8138
5732
9384
5630
7661
2080
1689
1742
6391
2617
876
617
8890
5237
1256
6548
1084
2157
2887
4849
7056
2658
8479
8519
9347
277
6966
9332
3758
9319
8556
7664
2451
4953
9277
7041
3065
4910
9935
3393
5292
5261
1211
3051
9927
5957
7182
1358
1886
5280
7405
8845
8586
1556
8689
1786
1237
7511
6736
6969
5657
7142
1946
4069
9048
7032
3175
8002
4855
1180
4198
7134
4463
8037
6978
766
1822
5065
7250
9146
3115
8182
7084
7219
7344
4443
2601
7166
5288
516
5033
3432
3101
9967
5211
8850
1148
4025
3246
8808
5807
7641
8493
8134
4236
5022
2997
2126
1354
1361
2685
7873
9676
3268
2974
2883
278
5825
599
753
1668
5685
9103
1341
2962
1336
5281
3163
3741
8977
1877
2672
9712
5301
9188
1375
4375
5481
7320
2164
4111
7637
6707
2091
6435
9804
8695
536
703
8082
7155
1755
2709
6923
5947
9221
4124
952
6523
531
1145
7661
185
1222
6144
3353
7966
8391
2201
3760
1247
3273
9274
466
5550
484
6944
1897
6113
5832
5600
90
9949
7700
486
4385
4960
9833
1598
7186
8586
5702
7783
8258
6020
8322
3384
8361
2317
7428
2659
4404
5441
4808
662
7379
6630
7347
2461
1171
1260
254
729
3937
3531
153
6905
5915
937
2171
6883
5772
3926
216
108
3450
5861
4428
4936
6785
4020
9832
549
233
5854
8457
4631
3882
165
1086
52
4400
8824
7464
2743
4233
46
3466
8121
5633
5307
5467
6808
7325
2573
5110
5933
2134
2355
7467
6159
3898
3222
4880
584
6157
1689
359
2041
3377
5770
224
4623
7883
8697
5307
9597
768
4436
5885
8298
3990
4603
3934
5372
6023
536
6351
7469
2258
6249
6288
861
7091
8232
6556
2199
1582
7838
5513
2513
6072
3541
7365
3404
6406
6577
9378
3463
5678
5013
3535
7219
4670
5925
4317
748
9296
1558
9687
9474
59
2518
7195
5058
1786
5135
6985
429
3581
3744
6483
4053
2600
4750
4983
7207
1745
61
4098
6247
1156
9808
7452
935
9477
2583
751
5146
6792
224
7328
7797
267
6457
4054
6238
5363
9559
5885
8567
2030
4724
5562
1010
860
4899
5046
9343
2049
2558
674
1871
9381
5824
3380
5652
2627
5094
2603
2670
5535
3500
3080
9602
6294
4521
9862
6478
7970
770
5966
3645
3871
6834
4183
620
1782
7158
3130
6596
4980
5649
5989
1024
141
1778
9150
2607
8143
6099
9096
5337
4774
7933
3399
1231
9741
7715
103
5217
5233
5915
6181
9710
6883
3461
8101
6228
4995
3949
3699
1049
9932
2525
815
6113
5795
2907
6575
1208
9628
8714
7341
2091
6380
8526
7576
1400
1427
1603
8706
6263
3453
6143
1650
5127
7667
119
6347
1110
5039
7695
2470
4949
8584
8543
7494
78
8773
5748
6669
374
9249
5056
9627
1256
5381
6763
8558
9353
4322
7712
118
9866
9176
1945
2599
8272
1858
2120
9971
4980
1652
6272
9191
1285
9913
4499
8308
7916
3276
2895
2645
3740
8223
3128
3659
9599
5988
7546
6507
6324
3723
9663
2
1231
7113
7052
6379
2269
7286
5700
8698
1676
2340
5859
3807
494
501
9800
7477
2947
2083
6147
6950
6068
9127
678
6702
9972
4334
3137
8125
3177
8218
2036
2015
2503
7135
1787
7100
9536
6409
7829
9144
9047
5335
3340
5072
4833
7096
7292
8464
9585
8665
6699
8180
9033
4747
597
7435
3488
288
3090
8972
4249
5514
1055
8177
9216
5536
6993
4053
4341
5672
5869
6500
3381
4104
6152
460
123
8770
5782
152
1360
3005
5745
1798
7371
3742
9935
3073
3092
6326
9151
396
9776
176
4817
2140
988
4955
6157
6498
6784
9098
1397
8546
1995
7283
2243
4331
299
6901
1887
5973
4309
9257
7919
8300
2539
5169
1666
9751
6719
622
5212
1525
8127
1328
818
4698
878
3401
7412
9937
7348
1153
7279
113
401
2645
6430
2903
4629
7272
2001
8036
5476
4116
7962
93
1336
4496
1046
9418
817
3559
8531
7301
7676
5652
9707
9231
2788
770
8003
619
3362
9507
6450
9346
410
177
5525
7229
8709
6456
6209
9761
9699
1742
585
1494
4190
9587
1329
7383
8474
6278
7717
6983
9051
8052
2468
7604
5163
2013
6506
4132
3852
7707
5850
8520
3106
9567
5821
8454
1589
7592
7677
8064
222
6575
721
9449
8485
5917
5474
6282
7928
930
4357
8432
7244
9630
662
5668
900
8312
5285
1207
8284
2277
5456
5448
4450
2078
8979
9852
6874
2924
6140
1013
874
8709
3074
630
8085
2112
8805
3318
1271
7730
2830
4049
9954
9563
2632
7366
2477
5002
665
809
9391
7756
4876
1370
1103
9280
4200
7187
4151
6303
6643
3891
5376
7551
8614
938
8132
6945
4422
3796
734
7932
7813
8643
3998
2438
5368
7756
1615
3641
3211
5652
1021
872
7722
4382
7583
7124
273
2886
9261
2758
2577
9325
5139
3679
887
7871
5948
4674
9416
1510
9019
9048
1277
6159
8967
5529
5769
6156
718
9172
5444
9588
9761
1859
7345
2090
4046
1010
4378
2136
2362
4339
1738
7184
2149
1356
8490
6591
9337
6954
7859
3398
6117
1436
5712
340
7511
9436
5983
9576
5772
6179
7767
8508
2553
3131
4794
4288
4267
595
2394
1744
4632
4641
6099
8717
5987
1509
597
9287
6483
685
6931
6072
7531
8356
2368
1084
8164
8162
5510
9127
6856
5680
5646
1398
7162
6099
8745
497
6525
4561
4748
3842
2651
3973
2351
6811
4530
6640
6610
568
5864
4045
8670
4501
9094
4032
3119
3397
9065
1528
7506
8947
3791
8708
3036
5152
4908
5874
2094
3341
6791
1215
8540
5940
1074
958
6791
6852
3693
2980
6617
3491
263
6893
6717
7015
4800
6494
8362
3514
5483
3013
1896
1964
6952
5324
3006
1855
1783
8156
8413
1989
7290
6687
6118
7041
616
2698
6049
4724
6713
3548
6114
5940
5318
4571
556
5777
5139
7275
3742
5477
3889
8837
9114
7654
6614
1060
4310
580
1889
2714
1378
1717
4806
1268
4164
7734
63
140
3871
4279
66
7296
30
3537
4976
6333
1606
8307
2773
1403
1302
5792
7464
5036
8524
8609
9537
5006
3065
7223
2579
5691
1349
9523
854
121
3738
5701
5033
8151
6421
8123
6998
7860
633
6885
1589
1015
5686
4410
5883
4703
3720
86
4713
5471
1074
9995
3819
2352
960
9581
4731
9834
1132
4551
6564
7783
8402
3137
6711
712
8256
4847
1903
8590
8101
2207
8102
7930
439
8373
5314
1711
2106
8579
2295
5329
5739
5869
8268
1382
7947
9609
3398
2244
8230
3472
8254
4558
9090
4412
809
7918
7627
3656
7396
8317
6697
8237
4903
4056
3873
2788
8417
9810
3023
8189
9235
2259
388
9939
6485
5975
816
3830
7433
632
9334
1726
9502
9676
1061
4158
7054
3505
9071
8889
5370
8053
7105
9768
371
4347
3147
2309
547
1618
2213
9149
8934
2900
2346
5554
2735
5593
9682
4389
1985
643
8346
9616
2989
4791
820
3542
763
6211
6724
9340
5519
5617
7660
2692
7928
2073
4933
9320
5518
602
3812
9626
646
582
6727
2992
6291
9345
2364
8757
8444
4866
9282
6943
5350
7057
92
8486
6785
3347
9857
1469
6076
8378
4842
6703
4458
1129
2244
73
4656
4975
2648
9938
2492
5016
2216
2991
4680
8996
185
5753
9551
4495
9473
2927
8068
4820
656
6129
6779
6640
1943
9535
1341
4212
8642
3620
5677
4068
7107
8558
8296
9369
2697
8006
1694
2687
4781
3330
5730
6150
6125
5158
9800
1049
6834
6207
1893
340
5650
4412
3966
3144
7482
9147
4099
9855
8316
4313
3076
1180
5967
2071
8260
8811
9217
953
8631
847
5843
2867
5049
4217
8238
8819
7835
3856
8490
3442
4975
2804
9435
4939
8196
8775
4841
7432
4435
8055
9031
2942
5605
728
5068
5459
1382
9421
2058
3286
2967
9218
7388
7087
2128
2540
5334
3344
8539
8262
4186
52
8622
4299
4074
8137
1080
8872
2104
1031
960
6080
2147
8571
6220
5591
6425
9245
3701
6909
4857
1213
5681
1157
1006
6454
9260
5653
3467
1774
5838
4229
1374
1993
3805
1827
9995
7104
1869
5486
2566
3785
4560
3719
7880
974
16
4148
5711
2964
6345
8496
1877
4664
5346
8521
3645
6230
2408
8673
218
5344
8527
79
8438
2295
8218
409
5178
659
4179
2137
124
9388
4963
7577
8861
8001
8964
4992
2122
4282
410
9049
4926
6593
394
5107
6268
9679
4346
7279
3979
2973
3796
3401
7026
8343
9530
1124
9199
4873
3852
3251
1213
9044
887
2866
4295
4040
1593
4988
7267
5584
7959
3284
7792
6629
3368
6851
1218
4700
5196
8073
4025
262
2439
8876
2150
2885
7755
452
4031
9069
5788
7138
2412
5624
2839
961
9355
9754
8931
8617
5888
319
3210
5448
398
1997
4025
422
9418
7998
5401
6763
1583
6210
1363
638
8445
5274
410
6312
7615
6729
7120
9122
6662
1692
2144
2147
9974
5974
7098
2870
8309
156
3006
5199
7388
6816
3954
2499
6764
6632
3064
7698
4110
6261
3368
7664
3798
3910
2973
2090
9747
6284
9922
8540
9005
3905
6950
4987
3778
902
8677
9772
7452
9451
2442
9640
1175
6175
34
9061
5289
8950
2228
5674
3135
7369
2733
4461
8164
917
3564
3327
9314
438
3242
2174
7823
1105
8967
2075
9002
3844
6333
3798
645
2505
7706
2117
9707
1416
7278
9872
9357
3786
6296
7189
6270
4138
844
2311
9531
2532
8029
5146
7307
5609
1686
8554
7445
5217
6436
1070
392
723
3630
5462
6123
8018
4150
6644
6102
5473
8423
1230
1767
7413
1559
3323
3268
9972
3899
9256
9546
8721
9290
7708
3188
4307
8074
7185
9558
2641
3234
9901
6288
3654
4867
4811
7224
526
9426
4445
5484
6540
3385
8497
3376
8094
5759
8104
2914
938
7305
7222
7850
671
6513
760
4439
9044
6166
6922
1097
6167
253
4739
6626
8951
6197
250
8057
3293
4712
5191
6890
4134
3026
7458
2559
8508
710
4803
3337
6340
5929
5775
9513
8013
7412
4300
5015
7265
8898
2682
5224
7903
507
8648
6389
8951
9851
2860
3693
3337
3581
5170
4129
6402
7424
269
947
7021
6416
9734
2644
939
491
6900
6888
3726
7403
608
2800
627
433
8124
6217
9095
4229
3986
6128
6876
6582
6631
4742
7022
9858
5301
9475
7321
4744
8824
2874
942
2733
6683
3589
3284
9217
5818
9221
5782
3632
9205
6913
549
9058
6271
3105
302
8950
2666
947
106
6443
7289
9970
3792
3684
9331
4
3480
4463
8640
3629
2312
9803
7407
1067
4444
5328
3724
6805
4058
7358
8433
4533
3678
1784
70
2573
128
562
8878
8980
8615
3703
5030
8914
7361
3449
6662
5741
8343
881
5642
9252
7070
5228
7432
5103
5738
1293
7488
9010
906
1893
4442
8432
6347
3266
8233
7091
5391
5864
9353
8236
5453
6244
87
3669
9451
3622
3952
7304
6884
9073
5562
9412
1202
6886
6200
855
7498
3761
560
9379
8636
437
2233
6852
7635
1055
9314
1844
7792
7899
6592
8032
6580
8562
5940
7151
1717
7490
9872
435
5583
7882
5823
9785
588
6221
6706
866
8412
315
422
5878
4546
667
7143
9761
7607
7922
9657
3115
6375
5211
1502
8526
9817
1464
7569
3771
